39,953	39,953	נשיא המדינה	1
545,971	545,971	הכנסת	2
124,361	124,361	חברי ממשלה	3
2,113,812	2,295,278	משרד ראש הממשלה	4
1,897,067	1,878,141	משרד האוצר	5
321,580	320,440	משרד הפנים	6
12,547,749	12,023,456	משרד לביטחון פנים	7
2,663,881	2,664,548	משרד המשפטים	8
1,582,829	1,592,829	משרד החוץ	9
37,119	36,369	מטה לביטחון לאומי	10
331,539	331,539	משרד מבקר המדינה	11
14,000,970	12,507,970	גמלאות ופיצויים	12
4,568,222	4,491,557	הוצאות שונות	13
137,720	384,487	מימון מפלגות	14
1,051,743	1,041,128	מדע, תרבות וספורט	19
293,940	293,940	המשרד להגנת הסביבה	26
468,884	467,304	רשות האוכלוסין	68
54,282,322	51,466,939	משרד הבטחון	15
248,439	248,439	הוצאות חרום אזרחיות	16
99,801	99,801	תאום הפעולות בשטחים	17
3,465,973	3,465,701	רשויות מקומיות	18
44,122,721	41,805,382	משרד החינוך	20
8,995,773	8,653,919	השכלה גבוהה	21
5,138,850	4,964,700	משרד הרווחה	23
22,745,999	21,986,853	משרד הבריאות	24
3,311,613	3,086,613	גמלאות לנצולי השואה	25
32,441,442	31,805,751	הקצבות לביטוח לאומי	27
200,940	205,440	משרד הבינוי והשיכון	29
1,259,400	1,254,400	המשרד לקליטת העלייה	30
6,069,606	6,519,205	תמיכות שונות	32
2,214,653	2,064,898	חוק חיילים משוחררים	46
6,686	6,686	נציבות שוויון זכויות	56
853,665	880,415	משרד החקלאות	33
160,198	159,323	משרד התשתיות הלאומיות	34
147,927	147,927	הועדה לאנרגיה אטומית	35
3,021,957	2,727,547	התעשיה המסחר והתעסוקה	36
225,393	225,393	משרד התיירות	37
2,072,567	1,872,289	תמיכות בענפי משק	38
50,459	50,459	משרד התקשורת	39
442,299	442,299	משרד התחבורה	40
106,330	106,330	רשות ממשלתית למים וביוב	41
2,050,228	2,077,084	מענקי בינוי ושיכון	42
67,305	67,305	המרכז למיפוי ישראל	43
239,767	231,567	רשויות פיקוח	54
41,284,000	39,401,000	תשלום ריבית	45
9,601,553	8,761,553	רזרבה כללית	47
139,350	102,350	דיור ממשלתי	51
431,745	351,745	משטרה ובתי סוהר	52
183,883	183,883	בתי משפט	53
0	0	אוצר	55
1,862,356	1,105,906	חינוך	60
197,801	432,121	בריאות	67
1,279,123	1,329,123	שיכון	70
1,416,875	1,132,804	מפעלי מים	73
41,760	41,760	פיתוח התעשייה	76
595,218	505,218	תיירות	78
14,764,163	12,845,855	תחבורה	79
3,764,299	4,751,308	הוצאות פיתוח אחרות	83
95,733,000	89,734,000	תשלום חובות	84
398,713	398,713	מפעלי משרד רוה״מ והאוצר	89
7,329,234	7,329,234	בתי חולים ממשלתים	94
32,000	32,000	נמל חדרה	95
6,924,700	6,974,700	מינהל מקרקעי ישראל	98
